              1                            121  
                41                            121  
               120                            121  
                 2                            122  
                42                            122  
                81                            122  
                 3                            123  
                43                            123  
                82                            123  
                 4                            124  
                44                            124  
                83                            124  
                 5                            125  
                45                            125  
                84                            125  
                 6                            126  
                46                            126  
                85                            126  
                 7                            127  
                47                            127  
                86                            127  
                 8                            128  
                48                            128  
                87                            128  
                 9                            129  
                49                            129  
                88                            129  
                10                            130    
                50                            130    
                89                            130    
                11                            131    
                51                            131    
                90                            131    
                12                            132    
                52                            132    
                91                            132    
                13                            133    
                53                            133    
                92                            133    
                14                            134    
                54                            134    
                93                            134    
                15                            135    
                55                            135    
                94                            135    
                16                            136    
                56                            136    
                95                            136    
                17                            137    
                57                            137    
                96                            137    
                18                            138    
                58                            138    
                97                            138    
                19                            139    
                59                            139    
                98                            139    
                20                            140    
                60                            140    
                99                            140    
                21                            141    
                61                            141    
               100                            141    
                22                            142    
                62                            142    
               101                            142    
                23                            143    
                63                            143    
               102                            143    
                24                            144    
                64                            144    
               103                            144    
                25                            145    
                65                            145    
               104                            145    
                26                            146    
                66                            146    
               105                            146    
                27                            147    
                67                            147    
               106                            147    
                28                            148    
                68                            148    
               107                            148    
                29                            149    
                69                            149    
               108                            149    
                30                            150    
                70                            150    
               109                            150    
                31                            151    
                71                            151    
               110                            151    
                32                            152    
                72                            152    
               111                            152    
                33                            153    
                73                            153    
               112                            153    
                34                            154    
                74                            154    
               113                            154    
                35                            155    
                75                            155    
               114                            155    
                36                            156    
                76                            156    
               115                            156    
                37                            157    
                77                            157    
               116                            157    
                38                            158    
                78                            158    
               117                            158    
                39                            159    
                79                            159    
               118                            159    
                40                            160    
                80                            160    
               119                            160    
                 1                            161    
                47                            161    
                97                            161    
                 2                            162    
                48                            162    
                98                            162    
                 3                            163    
                49                            163    
                99                            163    
                 4                            164    
                50                            164    
               100                            164    
                 5                            165    
                51                            165    
               101                            165    
                 6                            166    
                52                            166    
               102                            166    
                 7                            167    
                53                            167    
               103                            167    
                 8                            168    
                54                            168    
               104                            168    
                 9                            169    
                55                            169    
               105                            169    
                10                            170    
                56                            170    
               106                            170    
                11                            171    
                57                            171    
               107                            171    
                12                            172    
                58                            172    
               108                            172    
                13                            173    
                59                            173    
               109                            173    
                14                            174    
                60                            174    
               110                            174    
                15                            175    
                61                            175    
               111                            175    
                16                            176    
                62                            176    
               112                            176    
                17                            177    
                63                            177    
               113                            177    
                18                            178    
                64                            178    
               114                            178    
                19                            179    
                65                            179    
               115                            179    
                20                            180    
                66                            180    
               116                            180    
                21                            181    
                67                            181    
               117                            181    
                22                            182    
                68                            182    
               118                            182    
                23                            183    
                69                            183    
               119                            183    
                24                            184    
                70                            184    
               120                            184    
                25                            185    
                71                            185    
                81                            185    
                26                            186    
                72                            186    
                82                            186    
                27                            187    
                73                            187    
                83                            187    
                28                            188    
                74                            188    
                84                            188    
                29                            189    
                75                            189    
                85                            189    
                30                            190    
                76                            190    
                86                            190    
                31                            191    
                77                            191    
                87                            191    
                32                            192    
                78                            192    
                88                            192    
                33                            193    
                79                            193    
                89                            193    
                34                            194    
                80                            194    
                90                            194    
                35                            195    
                41                            195    
                91                            195    
                36                            196    
                42                            196    
                92                            196    
                37                            197    
                43                            197    
                93                            197    
                38                            198    
                44                            198    
                94                            198    
                39                            199    
                45                            199    
                95                            199    
                40                            200    
                46                            200    
                96                            200    
                 1                            201    
                49                            201    
               115                            201    
                 2                            202    
                50                            202    
               116                            202    
                 3                            203    
                51                            203    
               117                            203    
                 4                            204    
                52                            204    
               118                            204    
                 5                            205    
                53                            205    
               119                            205    
                 6                            206    
                54                            206    
               120                            206    
                 7                            207    
                55                            207    
                81                            207    
                 8                            208    
                56                            208    
                82                            208    
                 9                            209    
                57                            209    
                83                            209    
                10                            210    
                58                            210    
                84                            210    
                11                            211    
                59                            211    
                85                            211    
                12                            212    
                60                            212    
                86                            212    
                13                            213    
                61                            213    
                87                            213    
                14                            214    
                62                            214    
                88                            214    
                15                            215    
                63                            215    
                89                            215    
                16                            216    
                64                            216    
                90                            216    
                17                            217    
                65                            217    
                91                            217    
                18                            218    
                66                            218    
                92                            218    
                19                            219    
                67                            219    
                93                            219    
                20                            220      
                68                            220      
                94                            220      
                21                            221      
                69                            221      
                95                            221      
                22                            222      
                70                            222      
                96                            222      
                23                            223      
                71                            223      
                97                            223      
                24                            224      
                72                            224      
                98                            224      
                25                            225      
                73                            225      
                99                            225      
                26                            226      
                74                            226      
               100                            226      
                27                            227      
                75                            227      
               101                            227      
                28                            228      
                76                            228      
               102                            228      
                29                            229      
                77                            229      
               103                            229      
                30                            230      
                78                            230      
               104                            230      
                31                            231      
                79                            231      
               105                            231      
                32                            232      
                80                            232      
               106                            232      
                33                            233      
                41                            233      
               107                            233      
                34                            234      
                42                            234      
               108                            234      
                35                            235      
                43                            235      
               109                            235      
                36                            236      
                44                            236      
               110                            236      
                37                            237      
                45                            237      
               111                            237      
                38                            238      
                46                            238      
               112                            238      
                39                            239      
                47                            239      
               113                            239      
                40                            240      
                48                            240      
               114                            240      
                 1                            241      
                80                            241      
                94                            241      
                 2                            242      
                41                            242      
                95                            242      
                 3                            243      
                42                            243      
                96                            243      
                 4                            244      
                43                            244      
                97                            244      
                 5                            245      
                44                            245      
                98                            245      
                 6                            246      
                45                            246      
                99                            246      
                 7                            247      
                46                            247      
               100                            247      
                 8                            248      
                47                            248      
               101                            248      
                 9                            249      
                48                            249      
               102                            249      
                10                            250      
                49                            250      
               103                            250      
                11                            251      
                50                            251      
               104                            251      
                12                            252      
                51                            252      
               105                            252      
                13                            253      
                52                            253      
               106                            253      
                14                            254      
                53                            254      
               107                            254      
                15                            255      
                54                            255      
               108                            255      
                16                            256      
                55                            256      
               109                            256      
                17                            257      
                56                            257      
               110                            257      
                18                            258      
                57                            258      
               111                            258      
                19                            259      
                58                            259      
               112                            259      
                20                            260      
                59                            260      
               113                            260      
                21                            261      
                60                            261      
               114                            261      
                22                            262      
                61                            262      
               115                            262      
                23                            263      
                62                            263      
               116                            263      
                24                            264      
                63                            264      
               117                            264      
                25                            265      
                64                            265      
               118                            265      
                26                            266      
                65                            266      
               119                            266      
                27                            267      
                66                            267      
               120                            267      
                28                            268      
                67                            268      
                81                            268      
                29                            269      
                68                            269      
                82                            269      
                30                            270      
                69                            270      
                83                            270      
                31                            271      
                70                            271      
                84                            271      
                32                            272      
                71                            272      
                85                            272      
                33                            273      
                72                            273      
                86                            273      
                34                            274      
                73                            274      
                87                            274      
                35                            275      
                74                            275      
                88                            275      
                36                            276      
                75                            276      
                89                            276      
                37                            277      
                76                            277      
                90                            277      
                38                            278      
                77                            278      
                91                            278      
                39                            279      
                78                            279      
                92                            279      
                40              280      
                79              280      
                93              280      