         1            121   
          41            121   
          81            121   
           2            122   
          42            122   
         118            122   
           3            123   
          43            123   
         115            123   
           4            124   
          44            124   
         112            124   
           5            125   
          45            125   
         109            125   
           6            126   
          46            126   
         106            126   
           7            127   
          47            127   
         103            127   
           8            128   
          48            128   
         100            128   
           9            129   
          49            129   
          97            129   
          10            130  
          50            130  
          94            130  
          11            131  
          51            131  
          91            131  
          12            132  
          52            132  
          88            132  
          13            133  
          53            133  
          85            133  
          14            134  
          54            134  
          82            134  
          15            135  
          55            135  
         119            135  
          16            136  
          56            136  
         116            136  
          17            137  
          57            137  
         113            137  
          18            138  
          58            138  
         110            138  
          19            139  
          59            139  
         107            139  
          20            140  
          60            140  
         104            140  
          21            141  
          61            141  
         101            141  
          22            142  
          62            142  
          98            142  
          23            143  
          63            143  
          95            143  
          24            144  
          64            144  
          92            144  
          25            145  
          65            145  
          89            145  
          26            146  
          66            146  
          86            146  
          27            147  
          67            147  
          83            147  
          28            148  
          68            148  
         120            148  
          29            149  
          69            149  
         117            149  
          30            150  
          70            150  
         114            150  
          31            151  
          71            151  
         111            151  
          32            152  
          72            152  
         108            152  
          33            153  
          73            153  
         105            153  
          34            154  
          74            154  
         102            154  
          35            155  
          75            155  
          99            155  
          36            156  
          76            156  
          96            156  
          37            157  
          77            157  
          93            157  
          38            158  
          78            158  
          90            158  
          39            159  
          79            159  
          87            159  
          40            160  
          80            160  
          84            160  
           1            161  
          42            161  
          82            161  
           2            162  
          63            162  
         119            162  
           3            163  
          44            163  
         116            163  
           4            164  
          65            164  
         113            164  
           5            165  
          46            165  
         110            165  
           6            166  
          67            166  
         107            166  
           7            167  
          48            167  
         104            167  
           8            168  
          69            168  
         101            168  
           9            169  
          50            169  
          98            169  
          10            170  
          71            170  
          95            170  
          11            171  
          52            171  
          92            171  
          12            172  
          73            172  
          89            172  
          13            173  
          54            173  
          86            173  
          14            174  
          75            174  
          83            174  
          15            175  
          56            175  
         120            175  
          16            176  
          77            176  
         117            176  
          17            177  
          58            177  
         114            177  
          18            178  
          79            178  
         111            178  
          19            179  
          60            179  
         108            179  
          20            180  
          41            180  
         105            180  
          21            181  
          62            181  
         102            181  
          22            182  
          43            182  
          99            182  
          23            183  
          64            183  
          96            183  
          24            184  
          45            184  
          93            184  
          25            185  
          66            185  
          90            185  
          26            186  
          47            186  
          87            186  
          27            187  
          68            187  
          84            187  
          28            188  
          49            188  
          81            188  
          29            189  
          70            189  
         118            189  
          30             190  
          51             190  
         115             190  
          31             191  
          72             191  
         112             191  
          32             192  
          53             192  
         109             192  
          33             193  
          74             193  
         106             193  
          34             194  
          55             194  
         103             194  
          35             195  
          76             195  
         100             195  
          36             196  
          57             196  
          97             196  
          37             197  
          78             197  
          94             197  
          38             198  
          59             198  
          91             198  
          39             199  
          80             199  
          88             199  
          40             200  
          61             200  
          85             200  
           1             201  
          43             201  
          94             201  
           2             202  
          44             202  
          91             202  
           3             203  
          45             203  
          88             203  
           4             204  
          46             204  
          85             204  
           5             205  
          47             205  
          82             205  
           6             206  
          48             206  
         119             206  
           7             207  
          49             207  
         116             207  
           8             208  
          50             208  
         113             208  
           9             209  
          51             209  
         110             209  
          10             210  
          52             210  
         107             210  
          11             211  
          53             211  
         104             211  
          12             212  
          54             212  
         101             212  
          13             213  
          55             213  
          98             213  
          14             214  
          56             214  
          95             214  
          15             215  
          57             215  
          92             215  
          16             216  
          58             216  
          89             216  
          17             217  
          59             217  
          86             217  
          18             218  
          60             218  
          83             218  
          19             219  
          61             219  
         120             219  
          20             220 
          62             220 
         117             220 
          21             221 
          63             221 
         114             221 
          22             222 
          64             222 
         111             222 
          23             223 
          65             223 
         108             223 
          24             224 
          66             224 
         105             224 
          25             225 
          67             225 
         102             225 
          26             226 
          68             226 
          99             226 
          27             227 
          69             227 
          96             227 
          28         228
          70          228
          93          228
          29             229 
          71             229 
          90             229 
          30             230 
          72             230 
          87             230 
          31             231 
          73             231 
          84             231 
          32             232 
          74             232 
          81             232 
          33             233 
          75             233 
         118             233 
          34             234 
          76             234 
         115             234 
          35             235 
          77             235 
         112             235 
          36             236 
          78             236 
         109             236 
          37             237 
          79             237 
         106             237 
          38             238 
          80             238 
         103             238 
          39             239 
          41             239 
         100             239 
          40             240 
          42             240 
          97             240 
           1             241 
          55             241 
         112             241 
           2             242 
          76             242 
          89             242 
           3             243 
          57             243 
         106             243 
           4             244 
          78             244 
          83             244 
           5             245 
          59             245 
         100             245 
           6             246 
          80             246 
         117             246 
           7             247 
          61             247 
          94             247 
           8             248 
          42             248 
         111             248 
           9             249 
          63             249 
          88             249 
          10             250 
          44             250 
         105             250 
          11             251 
          65             251 
          82             251 
          12             252 
          46             252 
          99             252 
          13             253 
          67             253 
         116             253 
          14             254 
          48             254 
          93             254 
          15             255 
          69             255 
         110             255 
          16             256 
          50             256 
          87             256 
          17             257 
          71             257 
         104             257 
          18             258 
          52             258 
          81             258 
          19             259 
          73             259 
          98             259 
          20             260 
          54             260 
         115             260 
          21             261 
          75             261 
          92             261 
          22             262 
          56             262 
         109             262 
          23             263 
          77             263 
          86             263 
          24             264 
          58             264 
         103             264 
          25             265 
          79             265 
         120             265 
          26             266 
          60             266 
          97             266 
          27             267 
          41             267 
         114             267 
          28             268 
          62             268 
          91             268 
          29             269 
          43             269 
         108             269 
          30             270 
          64             270 
          85             270 
          31             271 
          45             271 
         102             271 
          32             272 
          66             272 
         119             272 
          33             273 
          47             273 
          96             273 
          34             274 
          68             274 
         113             274 
          35             275 
          49             275 
          90             275 
          36             276 
          70             276 
         107             276 
          37             277 
          51             277 
          84             277 
          38             278 
          72             278 
         101             278 
          39             279 
          53             279 
         118             279 
          40             280 
          74             280 
          95             280 
