  1       61     
    21       61     
    56       61     
     2       62     
    22       62     
    57       62     
     3       63     
    23       63     
    58       63     
     4       64     
    24       64     
    59       64     
     5       65     
    25       65     
    60       65     
     6       66     
    26       66     
    41       66     
     7       67     
    27       67     
    42       67     
     8       68     
    28       68     
    43       68     
     9       69     
    29       69     
    44       69     
    10        70    
    30        70    
    45        70    
    11        71    
    31        71    
    46        71    
    12        72    
    32        72    
    47        72    
    13        73    
    33        73    
    48        73    
    14        74    
    34        74    
    49        74    
    15        75    
    35        75    
    50        75    
    16        76    
    36        76    
    51        76    
    17        77    
    37        77    
    52        77    
    18        78    
    38        78    
    53        78    
    19        79    
    39        79    
    54        79    
    20        80    
    40        80    
    55        80    
     1        81    
    39        81    
    57        81    
     2        82    
    40        82    
    58        82    
     3        83    
    21        83    
    59        83    
     4        84    
    22        84    
    60        84    
     5        85    
    23        85    
    41        85    
     6        86    
    24        86    
    42        86    
     7        87    
    25        87    
    43        87    
     8        88    
    26        88    
    44        88    
     9        89    
    27        89    
    45        89    
    10         90    
    28         90    
    46         90    
    11         91    
    29         91    
    47         91    
    12         92    
    30         92    
    48         92    
    13         93    
    31         93    
    49         93    
    14         94    
    32         94    
    50         94    
    15         95    
    33         95    
    51         95    
    16         96    
    34         96    
    52         96    
    17         97    
    35         97    
    53         97    
    18         98    
    36         98    
    54         98    
    19         99    
    37         99    
    55         99    
    20         100    
    38         100    
    56         100    
     1         101    
    25         101    
    48         101    
     2         102    
    26         102    
    49         102    
     3         103    
    27         103    
    50         103    
     4         104    
    28         104    
    51         104    
     5         105    
    29         105    
    52         105    
     6         106    
    30         106    
    53         106    
     7         107    
    31         107    
    54         107    
     8         108    
    32         108    
    55         108    
     9         109    
    33         109    
    56         109    
    10         110    
    34         110    
    57         110    
    11         111    
    35         111    
    58         111    
    12         112    
    36         112    
    59         112    
    13         113    
    37         113    
    60         113    
    14         114    
    38         114    
    41         114    
    15         115    
    39         115    
    42         115    
    16         116    
    40         116    
    43         116    
    17         117    
    21         117    
    44         117    
    18         118    
    22         118    
    45         118    
    19         119    
    23         119    
    46         119    
    20         120    
    24         120    
    47         120    
     1         121    
    35         121    
    55         121    
     2         122    
    36         122    
    56         122    
     3         123    
    37         123    
    57         123    
     4         124    
    38         124    
    58         124    
     5         125    
    39         125    
    59         125    
     6         126    
    40         126    
    60         126    
     7         127    
    21         127    
    41         127    
     8         128    
    22         128    
    42         128    
     9         129    
    23         129    
    43         129    
    10         130    
    24         130    
    44         130    
    11         131    
    25         131    
    45         131    
    12         132    
    26         132    
    46         132    
    13         133    
    27         133    
    47         133    
    14         134     
    28         134     
    48         134     
    15         135      
    29         135      
    49         135      
    16         136       
    30         136       
    50         136       
    17         137       
    31         137       
    51         137       
    18         138       
    32         138       
    52         138       
    19         139       
    33         139       
    53         139       
    20         140       
    34         140       
    54         140       