  1         61   
   21         61   
   41         61   
    2         62   
   22         62   
   48         62   
    3         63   
   23         63   
   55         63   
    4         64   
   24         64   
   42         64   
    5         65   
   25         65   
   49         65   
    6         66   
   26         66   
   56         66   
    7         67   
   27         67   
   43         67   
    8         68   
   28         68   
   50         68   
    9         69   
   29         69   
   57         69   
   10         70  
   30         70  
   44         70  
   11         71  
   31         71  
   51         71  
   12         72  
   32         72  
   58         72  
   13         73  
   33         73  
   45         73  
   14         74  
   34         74  
   52         74  
   15         75  
   35         75  
   59         75  
   16         76  
   36         76  
   46         76  
   17         77  
   37         77  
   53         77  
   18         78  
   38         78  
   60         78  
   19         79  
   39         79  
   47         79  
   20         80  
   40         80  
   54         80  
    1         81  
   22         81  
   42         81  
    2         82  
   25         82  
   55         82  
    3         83  
   28         83  
   48         83  
    4         84  
   31         84  
   41         84  
    5         85  
   34         85  
   54         85  
    6         86  
   37         86  
   47         86  
    7         87  
   40         87  
   60         87  
    8         88  
   23         88  
   53         88  
    9         89  
   26         89  
   46         89  
   10         90  
   29         90  
   59         90  
   11         91  
   32         91  
   52         91  
   12         92  
   35         92  
   45         92  
   13         93  
   38         93  
   58         93  
   14         94  
   21         94  
   51         94  
   15         95  
   24         95  
   44         95  
   16         96  
   27         96  
   57         96  
   17         97  
   30         97  
   50         97  
   18         98  
   33         98  
   43         98  
   19         99  
   36         99  
   56         99  
   20         100  
   39         100  
   49         100  
    1         101  
   23         101  
   43         101  
    2         102  
   36         102  
   54         102  
    3         103  
   29         103  
   45         103  
    4         104  
   22         104  
   56         104  
    5         105  
   35         105  
   47         105  
    6         106  
   28         106  
   58         106  
    7         107  
   21         107  
   49         107  
    8         108  
   34         108  
   60         108  
    9         109  
   27         109  
   51         109  
   10     110  
   40     110  
   42     110  
   11         111  
   33         111  
   53         111  
   12         112  
   26         112  
   44         112  
   13         113  
   39         113  
   55         113  
   14         114  
   32         114  
   46         114  
   15         115  
   25         115  
   57         115  
   16         116  
   38         116  
   48         116  
   17         117  
   31         117  
   59         117  
   18         118  
   24         118  
   50         118  
   19         119  
   37         119  
   41         119  
   20         120  
   30         120  
   52         120  
    1         121  
   24         121  
   45         121  
    2         122  
   27         122  
   52         122  
    3         123  
   30         123  
   59         123  
    4         124  
   33         124  
   46         124  
    5         125  
   36         125  
   53         125  
    6         126  
   39         126  
   60         126  
    7         127  
   22         127  
   47         127  
    8         128  
   25         128  
   54         128  
    9         129  
   28         129  
   41         129  
   10         130  
   31         130  
   48         130  
   11         131  
   34         131  
   55         131  
   12         132  
   37         132  
   42         132  
   13         133  
   40         133  
   49         133  
   14         134  
   23         134  
   56         134  
   15         135  
   26         135  
   43         135  
   16         136  
   29         136  
   50         136  
   17         137  
   32         137  
   57         137  
   18         138  
   35         138  
   44         138  
   19         139  
   38         139  
   51         139  
   20         140  
   21         140  
   58         140  