1	1201
401	1201
801	1201
2	1202
402	1202
1058	1202
3	1203
403	1203
915	1203
4	1204
404	1204
1172	1204
5	1205
405	1205
1029	1205
6	1206
406	1206
886	1206
7	1207
407	1207
1143	1207
8	1208
408	1208
1000	1208
9	1209
409	1209
857	1209
10	1210
410	1210
1114	1210
11	1211
411	1211
971	1211
12	1212
412	1212
828	1212
13	1213
413	1213
1085	1213
14	1214
414	1214
942	1214
15	1215
415	1215
1199	1215
16	1216
416	1216
1056	1216
17	1217
417	1217
913	1217
18	1218
418	1218
1170	1218
19	1219
419	1219
1027	1219
20	1220
420	1220
884	1220
21	1221
421	1221
1141	1221
22	1222
422	1222
998	1222
23	1223
423	1223
855	1223
24	1224
424	1224
1112	1224
25	1225
425	1225
969	1225
26	1226
426	1226
826	1226
27	1227
427	1227
1083	1227
28	1228
428	1228
940	1228
29	1229
429	1229
1197	1229
30	1230
430	1230
1054	1230
31	1231
431	1231
911	1231
32	1232
432	1232
1168	1232
33	1233
433	1233
1025	1233
34	1234
434	1234
882	1234
35	1235
435	1235
1139	1235
36	1236
436	1236
996	1236
37	1237
437	1237
853	1237
38	1238
438	1238
1110	1238
39	1239
439	1239
967	1239
40	1240
440	1240
824	1240
41	1241
441	1241
1081	1241
42	1242
442	1242
938	1242
43	1243
443	1243
1195	1243
44	1244
444	1244
1052	1244
45	1245
445	1245
909	1245
46	1246
446	1246
1166	1246
47	1247
447	1247
1023	1247
48	1248
448	1248
880	1248
49	1249
449	1249
1137	1249
50	1250
450	1250
994	1250
51	1251
451	1251
851	1251
52	1252
452	1252
1108	1252
53	1253
453	1253
965	1253
54	1254
454	1254
822	1254
55	1255
455	1255
1079	1255
56	1256
456	1256
936	1256
57	1257
457	1257
1193	1257
58	1258
458	1258
1050	1258
59	1259
459	1259
907	1259
60	1260
460	1260
1164	1260
61	1261
461	1261
1021	1261
62	1262
462	1262
878	1262
63	1263
463	1263
1135	1263
64	1264
464	1264
992	1264
65	1265
465	1265
849	1265
66	1266
466	1266
1106	1266
67	1267
467	1267
963	1267
68	1268
468	1268
820	1268
69	1269
469	1269
1077	1269
70	1270
470	1270
934	1270
71	1271
471	1271
1191	1271
72	1272
472	1272
1048	1272
73	1273
473	1273
905	1273
74	1274
474	1274
1162	1274
75	1275
475	1275
1019	1275
76	1276
476	1276
876	1276
77	1277
477	1277
1133	1277
78	1278
478	1278
990	1278
79	1279
479	1279
847	1279
80	1280
480	1280
1104	1280
81	1281
481	1281
961	1281
82	1282
482	1282
818	1282
83	1283
483	1283
1075	1283
84	1284
484	1284
932	1284
85	1285
485	1285
1189	1285
86	1286
486	1286
1046	1286
87	1287
487	1287
903	1287
88	1288
488	1288
1160	1288
89	1289
489	1289
1017	1289
90	1290
490	1290
874	1290
91	1291
491	1291
1131	1291
92	1292
492	1292
988	1292
93	1293
493	1293
845	1293
94	1294
494	1294
1102	1294
95	1295
495	1295
959	1295
96	1296
496	1296
816	1296
97	1297
497	1297
1073	1297
98	1298
498	1298
930	1298
99	1299
499	1299
1187	1299
100	1300
500	1300
1044	1300
101	1301
501	1301
901	1301
102	1302
502	1302
1158	1302
103	1303
503	1303
1015	1303
104	1304
504	1304
872	1304
105	1305
505	1305
1129	1305
106	1306
506	1306
986	1306
107	1307
507	1307
843	1307
108	1308
508	1308
1100	1308
109	1309
509	1309
957	1309
110	1310
510	1310
814	1310
111	1311
511	1311
1071	1311
112	1312
512	1312
928	1312
113	1313
513	1313
1185	1313
114	1314
514	1314
1042	1314
115	1315
515	1315
899	1315
116	1316
516	1316
1156	1316
117	1317
517	1317
1013	1317
118	1318
518	1318
870	1318
119	1319
519	1319
1127	1319
120	1320
520	1320
984	1320
121	1321
521	1321
841	1321
122	1322
522	1322
1098	1322
123	1323
523	1323
955	1323
124	1324
524	1324
812	1324
125	1325
525	1325
1069	1325
126	1326
526	1326
926	1326
127	1327
527	1327
1183	1327
128	1328
528	1328
1040	1328
129	1329
529	1329
897	1329
130	1330
530	1330
1154	1330
131	1331
531	1331
1011	1331
132	1332
532	1332
868	1332
133	1333
533	1333
1125	1333
134	1334
534	1334
982	1334
135	1335
535	1335
839	1335
136	1336
536	1336
1096	1336
137	1337
537	1337
953	1337
138	1338
538	1338
810	1338
139	1339
539	1339
1067	1339
140	1340
540	1340
924	1340
141	1341
541	1341
1181	1341
142	1342
542	1342
1038	1342
143	1343
543	1343
895	1343
144	1344
544	1344
1152	1344
145	1345
545	1345
1009	1345
146	1346
546	1346
866	1346
147	1347
547	1347
1123	1347
148	1348
548	1348
980	1348
149	1349
549	1349
837	1349
150	1350
550	1350
1094	1350
151	1351
551	1351
951	1351
152	1352
552	1352
808	1352
153	1353
553	1353
1065	1353
154	1354
554	1354
922	1354
155	1355
555	1355
1179	1355
156	1356
556	1356
1036	1356
157	1357
557	1357
893	1357
158	1358
558	1358
1150	1358
159	1359
559	1359
1007	1359
160	1360
560	1360
864	1360
161	1361
561	1361
1121	1361
162	1362
562	1362
978	1362
163	1363
563	1363
835	1363
164	1364
564	1364
1092	1364
165	1365
565	1365
949	1365
166	1366
566	1366
806	1366
167	1367
567	1367
1063	1367
168	1368
568	1368
920	1368
169	1369
569	1369
1177	1369
170	1370
570	1370
1034	1370
171	1371
571	1371
891	1371
172	1372
572	1372
1148	1372
173	1373
573	1373
1005	1373
174	1374
574	1374
862	1374
175	1375
575	1375
1119	1375
176	1376
576	1376
976	1376
177	1377
577	1377
833	1377
178	1378
578	1378
1090	1378
179	1379
579	1379
947	1379
180	1380
580	1380
804	1380
181	1381
581	1381
1061	1381
182	1382
582	1382
918	1382
183	1383
583	1383
1175	1383
184	1384
584	1384
1032	1384
185	1385
585	1385
889	1385
186	1386
586	1386
1146	1386
187	1387
587	1387
1003	1387
188	1388
588	1388
860	1388
189	1389
589	1389
1117	1389
190	1390
590	1390
974	1390
191	1391
591	1391
831	1391
192	1392
592	1392
1088	1392
193	1393
593	1393
945	1393
194	1394
594	1394
802	1394
195	1395
595	1395
1059	1395
196	1396
596	1396
916	1396
197	1397
597	1397
1173	1397
198	1398
598	1398
1030	1398
199	1399
599	1399
887	1399
200	1400
600	1400
1144	1400
201	1401
601	1401
1001	1401
202	1402
602	1402
858	1402
203	1403
603	1403
1115	1403
204	1404
604	1404
972	1404
205	1405
605	1405
829	1405
206	1406
606	1406
1086	1406
207	1407
607	1407
943	1407
208	1408
608	1408
1200	1408
209	1409
609	1409
1057	1409
210	1410
610	1410
914	1410
211	1411
611	1411
1171	1411
212	1412
612	1412
1028	1412
213	1413
613	1413
885	1413
214	1414
614	1414
1142	1414
215	1415
615	1415
999	1415
216	1416
616	1416
856	1416
217	1417
617	1417
1113	1417
218	1418
618	1418
970	1418
219	1419
619	1419
827	1419
220	1420
620	1420
1084	1420
221	1421
621	1421
941	1421
222	1422
622	1422
1198	1422
223	1423
623	1423
1055	1423
224	1424
624	1424
912	1424
225	1425
625	1425
1169	1425
226	1426
626	1426
1026	1426
227	1427
627	1427
883	1427
228	1428
628	1428
1140	1428
229	1429
629	1429
997	1429
230	1430
630	1430
854	1430
231	1431
631	1431
1111	1431
232	1432
632	1432
968	1432
233	1433
633	1433
825	1433
234	1434
634	1434
1082	1434
235	1435
635	1435
939	1435
236	1436
636	1436
1196	1436
237	1437
637	1437
1053	1437
238	1438
638	1438
910	1438
239	1439
639	1439
1167	1439
240	1440
640	1440
1024	1440
241	1441
641	1441
881	1441
242	1442
642	1442
1138	1442
243	1443
643	1443
995	1443
244	1444
644	1444
852	1444
245	1445
645	1445
1109	1445
246	1446
646	1446
966	1446
247	1447
647	1447
823	1447
248	1448
648	1448
1080	1448
249	1449
649	1449
937	1449
250	1450
650	1450
1194	1450
251	1451
651	1451
1051	1451
252	1452
652	1452
908	1452
253	1453
653	1453
1165	1453
254	1454
654	1454
1022	1454
255	1455
655	1455
879	1455
256	1456
656	1456
1136	1456
257	1457
657	1457
993	1457
258	1458
658	1458
850	1458
259	1459
659	1459
1107	1459
260	1460
660	1460
964	1460
261	1461
661	1461
821	1461
262	1462
662	1462
1078	1462
263	1463
663	1463
935	1463
264	1464
664	1464
1192	1464
265	1465
665	1465
1049	1465
266	1466
666	1466
906	1466
267	1467
667	1467
1163	1467
268	1468
668	1468
1020	1468
269	1469
669	1469
877	1469
270	1470
670	1470
1134	1470
271	1471
671	1471
991	1471
272	1472
672	1472
848	1472
273	1473
673	1473
1105	1473
274	1474
674	1474
962	1474
275	1475
675	1475
819	1475
276	1476
676	1476
1076	1476
277	1477
677	1477
933	1477
278	1478
678	1478
1190	1478
279	1479
679	1479
1047	1479
280	1480
680	1480
904	1480
281	1481
681	1481
1161	1481
282	1482
682	1482
1018	1482
283	1483
683	1483
875	1483
284	1484
684	1484
1132	1484
285	1485
685	1485
989	1485
286	1486
686	1486
846	1486
287	1487
687	1487
1103	1487
288	1488
688	1488
960	1488
289	1489
689	1489
817	1489
290	1490
690	1490
1074	1490
291	1491
691	1491
931	1491
292	1492
692	1492
1188	1492
293	1493
693	1493
1045	1493
294	1494
694	1494
902	1494
295	1495
695	1495
1159	1495
296	1496
696	1496
1016	1496
297	1497
697	1497
873	1497
298	1498
698	1498
1130	1498
299	1499
699	1499
987	1499
300	1500
700	1500
844	1500
301	1501
701	1501
1101	1501
302	1502
702	1502
958	1502
303	1503
703	1503
815	1503
304	1504
704	1504
1072	1504
305	1505
705	1505
929	1505
306	1506
706	1506
1186	1506
307	1507
707	1507
1043	1507
308	1508
708	1508
900	1508
309	1509
709	1509
1157	1509
310	1510
710	1510
1014	1510
311	1511
711	1511
871	1511
312	1512
712	1512
1128	1512
313	1513
713	1513
985	1513
314	1514
714	1514
842	1514
315	1515
715	1515
1099	1515
316	1516
716	1516
956	1516
317	1517
717	1517
813	1517
318	1518
718	1518
1070	1518
319	1519
719	1519
927	1519
320	1520
720	1520
1184	1520
321	1521
721	1521
1041	1521
322	1522
722	1522
898	1522
323	1523
723	1523
1155	1523
324	1524
724	1524
1012	1524
325	1525
725	1525
869	1525
326	1526
726	1526
1126	1526
327	1527
727	1527
983	1527
328	1528
728	1528
840	1528
329	1529
729	1529
1097	1529
330	1530
730	1530
954	1530
331	1531
731	1531
811	1531
332	1532
732	1532
1068	1532
333	1533
733	1533
925	1533
334	1534
734	1534
1182	1534
335	1535
735	1535
1039	1535
336	1536
736	1536
896	1536
337	1537
737	1537
1153	1537
338	1538
738	1538
1010	1538
339	1539
739	1539
867	1539
340	1540
740	1540
1124	1540
341	1541
741	1541
981	1541
342	1542
742	1542
838	1542
343	1543
743	1543
1095	1543
344	1544
744	1544
952	1544
345	1545
745	1545
809	1545
346	1546
746	1546
1066	1546
347	1547
747	1547
923	1547
348	1548
748	1548
1180	1548
349	1549
749	1549
1037	1549
350	1550
750	1550
894	1550
351	1551
751	1551
1151	1551
352	1552
752	1552
1008	1552
353	1553
753	1553
865	1553
354	1554
754	1554
1122	1554
355	1555
755	1555
979	1555
356	1556
756	1556
836	1556
357	1557
757	1557
1093	1557
358	1558
758	1558
950	1558
359	1559
759	1559
807	1559
360	1560
760	1560
1064	1560
361	1561
761	1561
921	1561
362	1562
762	1562
1178	1562
363	1563
763	1563
1035	1563
364	1564
764	1564
892	1564
365	1565
765	1565
1149	1565
366	1566
766	1566
1006	1566
367	1567
767	1567
863	1567
368	1568
768	1568
1120	1568
369	1569
769	1569
977	1569
370	1570
770	1570
834	1570
371	1571
771	1571
1091	1571
372	1572
772	1572
948	1572
373	1573
773	1573
805	1573
374	1574
774	1574
1062	1574
375	1575
775	1575
919	1575
376	1576
776	1576
1176	1576
377	1577
777	1577
1033	1577
378	1578
778	1578
890	1578
379	1579
779	1579
1147	1579
380	1580
780	1580
1004	1580
381	1581
781	1581
861	1581
382	1582
782	1582
1118	1582
383	1583
783	1583
975	1583
384	1584
784	1584
832	1584
385	1585
785	1585
1089	1585
386	1586
786	1586
946	1586
387	1587
787	1587
803	1587
388	1588
788	1588
1060	1588
389	1589
789	1589
917	1589
390	1590
790	1590
1174	1590
391	1591
791	1591
1031	1591
392	1592
792	1592
888	1592
393	1593
793	1593
1145	1593
394	1594
794	1594
1002	1594
395	1595
795	1595
859	1595
396	1596
796	1596
1116	1596
397	1597
797	1597
973	1597
398	1598
798	1598
830	1598
399	1599
799	1599
1087	1599
400	1600
800	1600
944	1600
1	1601
402	1601
802	1601
2	1602
533	1602
1159	1602
3	1603
664	1603
1116	1603
4	1604
795	1604
1073	1604
5	1605
526	1605
1030	1605
6	1606
657	1606
987	1606
7	1607
788	1607
944	1607
8	1608
519	1608
901	1608
9	1609
650	1609
858	1609
10	1610
781	1610
815	1610
11	1611
512	1611
1172	1611
12	1612
643	1612
1129	1612
13	1613
774	1613
1086	1613
14	1614
505	1614
1043	1614
15	1615
636	1615
1000	1615
16	1616
767	1616
957	1616
17	1617
498	1617
914	1617
18	1618
629	1618
871	1618
19	1619
760	1619
828	1619
20	1620
491	1620
1185	1620
21	1621
622	1621
1142	1621
22	1622
753	1622
1099	1622
23	1623
484	1623
1056	1623
24	1624
615	1624
1013	1624
25	1625
746	1625
970	1625
26	1626
477	1626
927	1626
27	1627
608	1627
884	1627
28	1628
739	1628
841	1628
29	1629
470	1629
1198	1629
30	1630
601	1630
1155	1630
31	1631
732	1631
1112	1631
32	1632
463	1632
1069	1632
33	1633
594	1633
1026	1633
34	1634
725	1634
983	1634
35	1635
456	1635
940	1635
36	1636
587	1636
897	1636
37	1637
718	1637
854	1637
38	1638
449	1638
811	1638
39	1639
580	1639
1168	1639
40	1640
711	1640
1125	1640
41	1641
442	1641
1082	1641
42	1642
573	1642
1039	1642
43	1643
704	1643
996	1643
44	1644
435	1644
953	1644
45	1645
566	1645
910	1645
46	1646
697	1646
867	1646
47	1647
428	1647
824	1647
48	1648
559	1648
1181	1648
49	1649
690	1649
1138	1649
50	1650
421	1650
1095	1650
51	1651
552	1651
1052	1651
52	1652
683	1652
1009	1652
53	1653
414	1653
966	1653
54	1654
545	1654
923	1654
55	1655
676	1655
880	1655
56	1656
407	1656
837	1656
57	1657
538	1657
1194	1657
58	1658
669	1658
1151	1658
59	1659
800	1659
1108	1659
60	1660
531	1660
1065	1660
61	1661
662	1661
1022	1661
62	1662
793	1662
979	1662
63	1663
524	1663
936	1663
64	1664
655	1664
893	1664
65	1665
786	1665
850	1665
66	1666
517	1666
807	1666
67	1667
648	1667
1164	1667
68	1668
779	1668
1121	1668
69	1669
510	1669
1078	1669
70	1670
641	1670
1035	1670
71	1671
772	1671
992	1671
72	1672
503	1672
949	1672
73	1673
634	1673
906	1673
74	1674
765	1674
863	1674
75	1675
496	1675
820	1675
76	1676
627	1676
1177	1676
77	1677
758	1677
1134	1677
78	1678
489	1678
1091	1678
79	1679
620	1679
1048	1679
80	1680
751	1680
1005	1680
81	1681
482	1681
962	1681
82	1682
613	1682
919	1682
83	1683
744	1683
876	1683
84	1684
475	1684
833	1684
85	1685
606	1685
1190	1685
86	1686
737	1686
1147	1686
87	1687
468	1687
1104	1687
88	1688
599	1688
1061	1688
89	1689
730	1689
1018	1689
90	1690
461	1690
975	1690
91	1691
592	1691
932	1691
92	1692
723	1692
889	1692
93	1693
454	1693
846	1693
94	1694
585	1694
803	1694
95	1695
716	1695
1160	1695
96	1696
447	1696
1117	1696
97	1697
578	1697
1074	1697
98	1698
709	1698
1031	1698
99	1699
440	1699
988	1699
100	1700
571	1700
945	1700
101	1701
702	1701
902	1701
102	1702
433	1702
859	1702
103	1703
564	1703
816	1703
104	1704
695	1704
1173	1704
105	1705
426	1705
1130	1705
106	1706
557	1706
1087	1706
107	1707
688	1707
1044	1707
108	1708
419	1708
1001	1708
109	1709
550	1709
958	1709
110	1710
681	1710
915	1710
111	1711
412	1711
872	1711
112	1712
543	1712
829	1712
113	1713
674	1713
1186	1713
114	1714
405	1714
1143	1714
115	1715
536	1715
1100	1715
116	1716
667	1716
1057	1716
117	1717
798	1717
1014	1717
118	1718
529	1718
971	1718
119	1719
660	1719
928	1719
120	1720
791	1720
885	1720
121	1721
522	1721
842	1721
122	1722
653	1722
1199	1722
123	1723
784	1723
1156	1723
124	1724
515	1724
1113	1724
125	1725
646	1725
1070	1725
126	1726
777	1726
1027	1726
127	1727
508	1727
984	1727
128	1728
639	1728
941	1728
129	1729
770	1729
898	1729
130	1730
501	1730
855	1730
131	1731
632	1731
812	1731
132	1732
763	1732
1169	1732
133	1733
494	1733
1126	1733
134	1734
625	1734
1083	1734
135	1735
756	1735
1040	1735
136	1736
487	1736
997	1736
137	1737
618	1737
954	1737
138	1738
749	1738
911	1738
139	1739
480	1739
868	1739
140	1740
611	1740
825	1740
141	1741
742	1741
1182	1741
142	1742
473	1742
1139	1742
143	1743
604	1743
1096	1743
144	1744
735	1744
1053	1744
145	1745
466	1745
1010	1745
146	1746
597	1746
967	1746
147	1747
728	1747
924	1747
148	1748
459	1748
881	1748
149	1749
590	1749
838	1749
150	1750
721	1750
1195	1750
151	1751
452	1751
1152	1751
152	1752
583	1752
1109	1752
153	1753
714	1753
1066	1753
154	1754
445	1754
1023	1754
155	1755
576	1755
980	1755
156	1756
707	1756
937	1756
157	1757
438	1757
894	1757
158	1758
569	1758
851	1758
159	1759
700	1759
808	1759
160	1760
431	1760
1165	1760
161	1761
562	1761
1122	1761
162	1762
693	1762
1079	1762
163	1763
424	1763
1036	1763
164	1764
555	1764
993	1764
165	1765
686	1765
950	1765
166	1766
417	1766
907	1766
167	1767
548	1767
864	1767
168	1768
679	1768
821	1768
169	1769
410	1769
1178	1769
170	1770
541	1770
1135	1770
171	1771
672	1771
1092	1771
172	1772
403	1772
1049	1772
173	1773
534	1773
1006	1773
174	1774
665	1774
963	1774
175	1775
796	1775
920	1775
176	1776
527	1776
877	1776
177	1777
658	1777
834	1777
178	1778
789	1778
1191	1778
179	1779
520	1779
1148	1779
180	1780
651	1780
1105	1780
181	1781
782	1781
1062	1781
182	1782
513	1782
1019	1782
183	1783
644	1783
976	1783
184	1784
775	1784
933	1784
185	1785
506	1785
890	1785
186	1786
637	1786
847	1786
187	1787
768	1787
804	1787
188	1788
499	1788
1161	1788
189	1789
630	1789
1118	1789
190	1790
761	1790
1075	1790
191	1791
492	1791
1032	1791
192	1792
623	1792
989	1792
193	1793
754	1793
946	1793
194	1794
485	1794
903	1794
195	1795
616	1795
860	1795
196	1796
747	1796
817	1796
197	1797
478	1797
1174	1797
198	1798
609	1798
1131	1798
199	1799
740	1799
1088	1799
200	1800
471	1800
1045	1800
201	1801
602	1801
1002	1801
202	1802
733	1802
959	1802
203	1803
464	1803
916	1803
204	1804
595	1804
873	1804
205	1805
726	1805
830	1805
206	1806
457	1806
1187	1806
207	1807
588	1807
1144	1807
208	1808
719	1808
1101	1808
209	1809
450	1809
1058	1809
210	1810
581	1810
1015	1810
211	1811
712	1811
972	1811
212	1812
443	1812
929	1812
213	1813
574	1813
886	1813
214	1814
705	1814
843	1814
215	1815
436	1815
1200	1815
216	1816
567	1816
1157	1816
217	1817
698	1817
1114	1817
218	1818
429	1818
1071	1818
219	1819
560	1819
1028	1819
220	1820
691	1820
985	1820
221	1821
422	1821
942	1821
222	1822
553	1822
899	1822
223	1823
684	1823
856	1823
224	1824
415	1824
813	1824
225	1825
546	1825
1170	1825
226	1826
677	1826
1127	1826
227	1827
408	1827
1084	1827
228	1828
539	1828
1041	1828
229	1829
670	1829
998	1829
230	1830
401	1830
955	1830
231	1831
532	1831
912	1831
232	1832
663	1832
869	1832
233	1833
794	1833
826	1833
234	1834
525	1834
1183	1834
235	1835
656	1835
1140	1835
236	1836
787	1836
1097	1836
237	1837
518	1837
1054	1837
238	1838
649	1838
1011	1838
239	1839
780	1839
968	1839
240	1840
511	1840
925	1840
241	1841
642	1841
882	1841
242	1842
773	1842
839	1842
243	1843
504	1843
1196	1843
244	1844
635	1844
1153	1844
245	1845
766	1845
1110	1845
246	1846
497	1846
1067	1846
247	1847
628	1847
1024	1847
248	1848
759	1848
981	1848
249	1849
490	1849
938	1849
250	1850
621	1850
895	1850
251	1851
752	1851
852	1851
252	1852
483	1852
809	1852
253	1853
614	1853
1166	1853
254	1854
745	1854
1123	1854
255	1855
476	1855
1080	1855
256	1856
607	1856
1037	1856
257	1857
738	1857
994	1857
258	1858
469	1858
951	1858
259	1859
600	1859
908	1859
260	1860
731	1860
865	1860
261	1861
462	1861
822	1861
262	1862
593	1862
1179	1862
263	1863
724	1863
1136	1863
264	1864
455	1864
1093	1864
265	1865
586	1865
1050	1865
266	1866
717	1866
1007	1866
267	1867
448	1867
964	1867
268	1868
579	1868
921	1868
269	1869
710	1869
878	1869
270	1870
441	1870
835	1870
271	1871
572	1871
1192	1871
272	1872
703	1872
1149	1872
273	1873
434	1873
1106	1873
274	1874
565	1874
1063	1874
275	1875
696	1875
1020	1875
276	1876
427	1876
977	1876
277	1877
558	1877
934	1877
278	1878
689	1878
891	1878
279	1879
420	1879
848	1879
280	1880
551	1880
805	1880
281	1881
682	1881
1162	1881
282	1882
413	1882
1119	1882
283	1883
544	1883
1076	1883
284	1884
675	1884
1033	1884
285	1885
406	1885
990	1885
286	1886
537	1886
947	1886
287	1887
668	1887
904	1887
288	1888
799	1888
861	1888
289	1889
530	1889
818	1889
290	1890
661	1890
1175	1890
291	1891
792	1891
1132	1891
292	1892
523	1892
1089	1892
293	1893
654	1893
1046	1893
294	1894
785	1894
1003	1894
295	1895
516	1895
960	1895
296	1896
647	1896
917	1896
297	1897
778	1897
874	1897
298	1898
509	1898
831	1898
299	1899
640	1899
1188	1899
300	1900
771	1900
1145	1900
301	1901
502	1901
1102	1901
302	1902
633	1902
1059	1902
303	1903
764	1903
1016	1903
304	1904
495	1904
973	1904
305	1905
626	1905
930	1905
306	1906
757	1906
887	1906
307	1907
488	1907
844	1907
308	1908
619	1908
801	1908
309	1909
750	1909
1158	1909
310	1910
481	1910
1115	1910
311	1911
612	1911
1072	1911
312	1912
743	1912
1029	1912
313	1913
474	1913
986	1913
314	1914
605	1914
943	1914
315	1915
736	1915
900	1915
316	1916
467	1916
857	1916
317	1917
598	1917
814	1917
318	1918
729	1918
1171	1918
319	1919
460	1919
1128	1919
320	1920
591	1920
1085	1920
321	1921
722	1921
1042	1921
322	1922
453	1922
999	1922
323	1923
584	1923
956	1923
324	1924
715	1924
913	1924
325	1925
446	1925
870	1925
326	1926
577	1926
827	1926
327	1927
708	1927
1184	1927
328	1928
439	1928
1141	1928
329	1929
570	1929
1098	1929
330	1930
701	1930
1055	1930
331	1931
432	1931
1012	1931
332	1932
563	1932
969	1932
333	1933
694	1933
926	1933
334	1934
425	1934
883	1934
335	1935
556	1935
840	1935
336	1936
687	1936
1197	1936
337	1937
418	1937
1154	1937
338	1938
549	1938
1111	1938
339	1939
680	1939
1068	1939
340	1940
411	1940
1025	1940
341	1941
542	1941
982	1941
342	1942
673	1942
939	1942
343	1943
404	1943
896	1943
344	1944
535	1944
853	1944
345	1945
666	1945
810	1945
346	1946
797	1946
1167	1946
347	1947
528	1947
1124	1947
348	1948
659	1948
1081	1948
349	1949
790	1949
1038	1949
350	1950
521	1950
995	1950
351	1951
652	1951
952	1951
352	1952
783	1952
909	1952
353	1953
514	1953
866	1953
354	1954
645	1954
823	1954
355	1955
776	1955
1180	1955
356	1956
507	1956
1137	1956
357	1957
638	1957
1094	1957
358	1958
769	1958
1051	1958
359	1959
500	1959
1008	1959
360	1960
631	1960
965	1960
361	1961
762	1961
922	1961
362	1962
493	1962
879	1962
363	1963
624	1963
836	1963
364	1964
755	1964
1193	1964
365	1965
486	1965
1150	1965
366	1966
617	1966
1107	1966
367	1967
748	1967
1064	1967
368	1968
479	1968
1021	1968
369	1969
610	1969
978	1969
370	1970
741	1970
935	1970
371	1971
472	1971
892	1971
372	1972
603	1972
849	1972
373	1973
734	1973
806	1973
374	1974
465	1974
1163	1974
375	1975
596	1975
1120	1975
376	1976
727	1976
1077	1976
377	1977
458	1977
1034	1977
378	1978
589	1978
991	1978
379	1979
720	1979
948	1979
380	1980
451	1980
905	1980
381	1981
582	1981
862	1981
382	1982
713	1982
819	1982
383	1983
444	1983
1176	1983
384	1984
575	1984
1133	1984
385	1985
706	1985
1090	1985
386	1986
437	1986
1047	1986
387	1987
568	1987
1004	1987
388	1988
699	1988
961	1988
389	1989
430	1989
918	1989
390	1990
561	1990
875	1990
391	1991
692	1991
832	1991
392	1992
423	1992
1189	1992
393	1993
554	1993
1146	1993
394	1994
685	1994
1103	1994
395	1995
416	1995
1060	1995
396	1996
547	1996
1017	1996
397	1997
678	1997
974	1997
398	1998
409	1998
931	1998
399	1999
540	1999
888	1999
400	2000
671	2000
845	2000
1	2001
403	2001
803	2001
2	2002
440	2002
1032	2002
3	2003
477	2003
861	2003
4	2004
514	2004
1090	2004
5	2005
551	2005
919	2005
6	2006
588	2006
1148	2006
7	2007
625	2007
977	2007
8	2008
662	2008
806	2008
9	2009
699	2009
1035	2009
10	2010
736	2010
864	2010
11	2011
773	2011
1093	2011
12	2012
410	2012
922	2012
13	2013
447	2013
1151	2013
14	2014
484	2014
980	2014
15	2015
521	2015
809	2015
16	2016
558	2016
1038	2016
17	2017
595	2017
867	2017
18	2018
632	2018
1096	2018
19	2019
669	2019
925	2019
20	2020
706	2020
1154	2020
21	2021
743	2021
983	2021
22	2022
780	2022
812	2022
23	2023
417	2023
1041	2023
24	2024
454	2024
870	2024
25	2025
491	2025
1099	2025
26	2026
528	2026
928	2026
27	2027
565	2027
1157	2027
28	2028
602	2028
986	2028
29	2029
639	2029
815	2029
30	2030
676	2030
1044	2030
31	2031
713	2031
873	2031
32	2032
750	2032
1102	2032
33	2033
787	2033
931	2033
34	2034
424	2034
1160	2034
35	2035
461	2035
989	2035
36	2036
498	2036
818	2036
37	2037
535	2037
1047	2037
38	2038
572	2038
876	2038
39	2039
609	2039
1105	2039
40	2040
646	2040
934	2040
41	2041
683	2041
1163	2041
42	2042
720	2042
992	2042
43	2043
757	2043
821	2043
44	2044
794	2044
1050	2044
45	2045
431	2045
879	2045
46	2046
468	2046
1108	2046
47	2047
505	2047
937	2047
48	2048
542	2048
1166	2048
49	2049
579	2049
995	2049
50	2050
616	2050
824	2050
51	2051
653	2051
1053	2051
52	2052
690	2052
882	2052
53	2053
727	2053
1111	2053
54	2054
764	2054
940	2054
55	2055
401	2055
1169	2055
56	2056
438	2056
998	2056
57	2057
475	2057
827	2057
58	2058
512	2058
1056	2058
59	2059
549	2059
885	2059
60	2060
586	2060
1114	2060
61	2061
623	2061
943	2061
62	2062
660	2062
1172	2062
63	2063
697	2063
1001	2063
64	2064
734	2064
830	2064
65	2065
771	2065
1059	2065
66	2066
408	2066
888	2066
67	2067
445	2067
1117	2067
68	2068
482	2068
946	2068
69	2069
519	2069
1175	2069
70	2070
556	2070
1004	2070
71	2071
593	2071
833	2071
72	2072
630	2072
1062	2072
73	2073
667	2073
891	2073
74	2074
704	2074
1120	2074
75	2075
741	2075
949	2075
76	2076
778	2076
1178	2076
77	2077
415	2077
1007	2077
78	2078
452	2078
836	2078
79	2079
489	2079
1065	2079
80	2080
526	2080
894	2080
81	2081
563	2081
1123	2081
82	2082
600	2082
952	2082
83	2083
637	2083
1181	2083
84	2084
674	2084
1010	2084
85	2085
711	2085
839	2085
86	2086
748	2086
1068	2086
87	2087
785	2087
897	2087
88	2088
422	2088
1126	2088
89	2089
459	2089
955	2089
90	2090
496	2090
1184	2090
91	2091
533	2091
1013	2091
92	2092
570	2092
842	2092
93	2093
607	2093
1071	2093
94	2094
644	2094
900	2094
95	2095
681	2095
1129	2095
96	2096
718	2096
958	2096
97	2097
755	2097
1187	2097
98	2098
792	2098
1016	2098
99	2099
429	2099
845	2099
100	2100
466	2100
1074	2100
101	2101
503	2101
903	2101
102	2102
540	2102
1132	2102
103	2103
577	2103
961	2103
104	2104
614	2104
1190	2104
105	2105
651	2105
1019	2105
106	2106
688	2106
848	2106
107	2107
725	2107
1077	2107
108	2108
762	2108
906	2108
109	2109
799	2109
1135	2109
110	2110
436	2110
964	2110
111	2111
473	2111
1193	2111
112	2112
510	2112
1022	2112
113	2113
547	2113
851	2113
114	2114
584	2114
1080	2114
115	2115
621	2115
909	2115
116	2116
658	2116
1138	2116
117	2117
695	2117
967	2117
118	2118
732	2118
1196	2118
119	2119
769	2119
1025	2119
120	2120
406	2120
854	2120
121	2121
443	2121
1083	2121
122	2122
480	2122
912	2122
123	2123
517	2123
1141	2123
124	2124
554	2124
970	2124
125	2125
591	2125
1199	2125
126	2126
628	2126
1028	2126
127	2127
665	2127
857	2127
128	2128
702	2128
1086	2128
129	2129
739	2129
915	2129
130	2130
776	2130
1144	2130
131	2131
413	2131
973	2131
132	2132
450	2132
802	2132
133	2133
487	2133
1031	2133
134	2134
524	2134
860	2134
135	2135
561	2135
1089	2135
136	2136
598	2136
918	2136
137	2137
635	2137
1147	2137
138	2138
672	2138
976	2138
139	2139
709	2139
805	2139
140	2140
746	2140
1034	2140
141	2141
783	2141
863	2141
142	2142
420	2142
1092	2142
143	2143
457	2143
921	2143
144	2144
494	2144
1150	2144
145	2145
531	2145
979	2145
146	2146
568	2146
808	2146
147	2147
605	2147
1037	2147
148	2148
642	2148
866	2148
149	2149
679	2149
1095	2149
150	2150
716	2150
924	2150
151	2151
753	2151
1153	2151
152	2152
790	2152
982	2152
153	2153
427	2153
811	2153
154	2154
464	2154
1040	2154
155	2155
501	2155
869	2155
156	2156
538	2156
1098	2156
157	2157
575	2157
927	2157
158	2158
612	2158
1156	2158
159	2159
649	2159
985	2159
160	2160
686	2160
814	2160
161	2161
723	2161
1043	2161
162	2162
760	2162
872	2162
163	2163
797	2163
1101	2163
164	2164
434	2164
930	2164
165	2165
471	2165
1159	2165
166	2166
508	2166
988	2166
167	2167
545	2167
817	2167
168	2168
582	2168
1046	2168
169	2169
619	2169
875	2169
170	2170
656	2170
1104	2170
171	2171
693	2171
933	2171
172	2172
730	2172
1162	2172
173	2173
767	2173
991	2173
174	2174
404	2174
820	2174
175	2175
441	2175
1049	2175
176	2176
478	2176
878	2176
177	2177
515	2177
1107	2177
178	2178
552	2178
936	2178
179	2179
589	2179
1165	2179
180	2180
626	2180
994	2180
181	2181
663	2181
823	2181
182	2182
700	2182
1052	2182
183	2183
737	2183
881	2183
184	2184
774	2184
1110	2184
185	2185
411	2185
939	2185
186	2186
448	2186
1168	2186
187	2187
485	2187
997	2187
188	2188
522	2188
826	2188
189	2189
559	2189
1055	2189
190	2190
596	2190
884	2190
191	2191
633	2191
1113	2191
192	2192
670	2192
942	2192
193	2193
707	2193
1171	2193
194	2194
744	2194
1000	2194
195	2195
781	2195
829	2195
196	2196
418	2196
1058	2196
197	2197
455	2197
887	2197
198	2198
492	2198
1116	2198
199	2199
529	2199
945	2199
200	2200
566	2200
1174	2200
201	2201
603	2201
1003	2201
202	2202
640	2202
832	2202
203	2203
677	2203
1061	2203
204	2204
714	2204
890	2204
205	2205
751	2205
1119	2205
206	2206
788	2206
948	2206
207	2207
425	2207
1177	2207
208	2208
462	2208
1006	2208
209	2209
499	2209
835	2209
210	2210
536	2210
1064	2210
211	2211
573	2211
893	2211
212	2212
610	2212
1122	2212
213	2213
647	2213
951	2213
214	2214
684	2214
1180	2214
215	2215
721	2215
1009	2215
216	2216
758	2216
838	2216
217	2217
795	2217
1067	2217
218	2218
432	2218
896	2218
219	2219
469	2219
1125	2219
220	2220
506	2220
954	2220
221	2221
543	2221
1183	2221
222	2222
580	2222
1012	2222
223	2223
617	2223
841	2223
224	2224
654	2224
1070	2224
225	2225
691	2225
899	2225
226	2226
728	2226
1128	2226
227	2227
765	2227
957	2227
228	2228
402	2228
1186	2228
229	2229
439	2229
1015	2229
230	2230
476	2230
844	2230
231	2231
513	2231
1073	2231
232	2232
550	2232
902	2232
233	2233
587	2233
1131	2233
234	2234
624	2234
960	2234
235	2235
661	2235
1189	2235
236	2236
698	2236
1018	2236
237	2237
735	2237
847	2237
238	2238
772	2238
1076	2238
239	2239
409	2239
905	2239
240	2240
446	2240
1134	2240
241	2241
483	2241
963	2241
242	2242
520	2242
1192	2242
243	2243
557	2243
1021	2243
244	2244
594	2244
850	2244
245	2245
631	2245
1079	2245
246	2246
668	2246
908	2246
247	2247
705	2247
1137	2247
248	2248
742	2248
966	2248
249	2249
779	2249
1195	2249
250	2250
416	2250
1024	2250
251	2251
453	2251
853	2251
252	2252
490	2252
1082	2252
253	2253
527	2253
911	2253
254	2254
564	2254
1140	2254
255	2255
601	2255
969	2255
256	2256
638	2256
1198	2256
257	2257
675	2257
1027	2257
258	2258
712	2258
856	2258
259	2259
749	2259
1085	2259
260	2260
786	2260
914	2260
261	2261
423	2261
1143	2261
262	2262
460	2262
972	2262
263	2263
497	2263
801	2263
264	2264
534	2264
1030	2264
265	2265
571	2265
859	2265
266	2266
608	2266
1088	2266
267	2267
645	2267
917	2267
268	2268
682	2268
1146	2268
269	2269
719	2269
975	2269
270	2270
756	2270
804	2270
271	2271
793	2271
1033	2271
272	2272
430	2272
862	2272
273	2273
467	2273
1091	2273
274	2274
504	2274
920	2274
275	2275
541	2275
1149	2275
276	2276
578	2276
978	2276
277	2277
615	2277
807	2277
278	2278
652	2278
1036	2278
279	2279
689	2279
865	2279
280	2280
726	2280
1094	2280
281	2281
763	2281
923	2281
282	2282
800	2282
1152	2282
283	2283
437	2283
981	2283
284	2284
474	2284
810	2284
285	2285
511	2285
1039	2285
286	2286
548	2286
868	2286
287	2287
585	2287
1097	2287
288	2288
622	2288
926	2288
289	2289
659	2289
1155	2289
290	2290
696	2290
984	2290
291	2291
733	2291
813	2291
292	2292
770	2292
1042	2292
293	2293
407	2293
871	2293
294	2294
444	2294
1100	2294
295	2295
481	2295
929	2295
296	2296
518	2296
1158	2296
297	2297
555	2297
987	2297
298	2298
592	2298
816	2298
299	2299
629	2299
1045	2299
300	2300
666	2300
874	2300
301	2301
703	2301
1103	2301
302	2302
740	2302
932	2302
303	2303
777	2303
1161	2303
304	2304
414	2304
990	2304
305	2305
451	2305
819	2305
306	2306
488	2306
1048	2306
307	2307
525	2307
877	2307
308	2308
562	2308
1106	2308
309	2309
599	2309
935	2309
310	2310
636	2310
1164	2310
311	2311
673	2311
993	2311
312	2312
710	2312
822	2312
313	2313
747	2313
1051	2313
314	2314
784	2314
880	2314
315	2315
421	2315
1109	2315
316	2316
458	2316
938	2316
317	2317
495	2317
1167	2317
318	2318
532	2318
996	2318
319	2319
569	2319
825	2319
320	2320
606	2320
1054	2320
321	2321
643	2321
883	2321
322	2322
680	2322
1112	2322
323	2323
717	2323
941	2323
324	2324
754	2324
1170	2324
325	2325
791	2325
999	2325
326	2326
428	2326
828	2326
327	2327
465	2327
1057	2327
328	2328
502	2328
886	2328
329	2329
539	2329
1115	2329
330	2330
576	2330
944	2330
331	2331
613	2331
1173	2331
332	2332
650	2332
1002	2332
333	2333
687	2333
831	2333
334	2334
724	2334
1060	2334
335	2335
761	2335
889	2335
336	2336
798	2336
1118	2336
337	2337
435	2337
947	2337
338	2338
472	2338
1176	2338
339	2339
509	2339
1005	2339
340	2340
546	2340
834	2340
341	2341
583	2341
1063	2341
342	2342
620	2342
892	2342
343	2343
657	2343
1121	2343
344	2344
694	2344
950	2344
345	2345
731	2345
1179	2345
346	2346
768	2346
1008	2346
347	2347
405	2347
837	2347
348	2348
442	2348
1066	2348
349	2349
479	2349
895	2349
350	2350
516	2350
1124	2350
351	2351
553	2351
953	2351
352	2352
590	2352
1182	2352
353	2353
627	2353
1011	2353
354	2354
664	2354
840	2354
355	2355
701	2355
1069	2355
356	2356
738	2356
898	2356
357	2357
775	2357
1127	2357
358	2358
412	2358
956	2358
359	2359
449	2359
1185	2359
360	2360
486	2360
1014	2360
361	2361
523	2361
843	2361
362	2362
560	2362
1072	2362
363	2363
597	2363
901	2363
364	2364
634	2364
1130	2364
365	2365
671	2365
959	2365
366	2366
708	2366
1188	2366
367	2367
745	2367
1017	2367
368	2368
782	2368
846	2368
369	2369
419	2369
1075	2369
370	2370
456	2370
904	2370
371	2371
493	2371
1133	2371
372	2372
530	2372
962	2372
373	2373
567	2373
1191	2373
374	2374
604	2374
1020	2374
375	2375
641	2375
849	2375
376	2376
678	2376
1078	2376
377	2377
715	2377
907	2377
378	2378
752	2378
1136	2378
379	2379
789	2379
965	2379
380	2380
426	2380
1194	2380
381	2381
463	2381
1023	2381
382	2382
500	2382
852	2382
383	2383
537	2383
1081	2383
384	2384
574	2384
910	2384
385	2385
611	2385
1139	2385
386	2386
648	2386
968	2386
387	2387
685	2387
1197	2387
388	2388
722	2388
1026	2388
389	2389
759	2389
855	2389
390	2390
796	2390
1084	2390
391	2391
433	2391
913	2391
392	2392
470	2392
1142	2392
393	2393
507	2393
971	2393
394	2394
544	2394
1200	2394
395	2395
581	2395
1029	2395
396	2396
618	2396
858	2396
397	2397
655	2397
1087	2397
398	2398
692	2398
916	2398
399	2399
729	2399
1145	2399
400	2400
766	2400
974	2400
1	2401
404	2401
804	2401
2	2402
425	2402
911	2402
3	2403
446	2403
1018	2403
4	2404
467	2404
1125	2404
5	2405
488	2405
832	2405
6	2406
509	2406
939	2406
7	2407
530	2407
1046	2407
8	2408
551	2408
1153	2408
9	2409
572	2409
860	2409
10	2410
593	2410
967	2410
11	2411
614	2411
1074	2411
12	2412
635	2412
1181	2412
13	2413
656	2413
888	2413
14	2414
677	2414
995	2414
15	2415
698	2415
1102	2415
16	2416
719	2416
809	2416
17	2417
740	2417
916	2417
18	2418
761	2418
1023	2418
19	2419
782	2419
1130	2419
20	2420
403	2420
837	2420
21	2421
424	2421
944	2421
22	2422
445	2422
1051	2422
23	2423
466	2423
1158	2423
24	2424
487	2424
865	2424
25	2425
508	2425
972	2425
26	2426
529	2426
1079	2426
27	2427
550	2427
1186	2427
28	2428
571	2428
893	2428
29	2429
592	2429
1000	2429
30	2430
613	2430
1107	2430
31	2431
634	2431
814	2431
32	2432
655	2432
921	2432
33	2433
676	2433
1028	2433
34	2434
697	2434
1135	2434
35	2435
718	2435
842	2435
36	2436
739	2436
949	2436
37	2437
760	2437
1056	2437
38	2438
781	2438
1163	2438
39	2439
402	2439
870	2439
40	2440
423	2440
977	2440
41	2441
444	2441
1084	2441
42	2442
465	2442
1191	2442
43	2443
486	2443
898	2443
44	2444
507	2444
1005	2444
45	2445
528	2445
1112	2445
46	2446
549	2446
819	2446
47	2447
570	2447
926	2447
48	2448
591	2448
1033	2448
49	2449
612	2449
1140	2449
50	2450
633	2450
847	2450
51	2451
654	2451
954	2451
52	2452
675	2452
1061	2452
53	2453
696	2453
1168	2453
54	2454
717	2454
875	2454
55	2455
738	2455
982	2455
56	2456
759	2456
1089	2456
57	2457
780	2457
1196	2457
58	2458
401	2458
903	2458
59	2459
422	2459
1010	2459
60	2460
443	2460
1117	2460
61	2461
464	2461
824	2461
62	2462
485	2462
931	2462
63	2463
506	2463
1038	2463
64	2464
527	2464
1145	2464
65	2465
548	2465
852	2465
66	2466
569	2466
959	2466
67	2467
590	2467
1066	2467
68	2468
611	2468
1173	2468
69	2469
632	2469
880	2469
70	2470
653	2470
987	2470
71	2471
674	2471
1094	2471
72	2472
695	2472
801	2472
73	2473
716	2473
908	2473
74	2474
737	2474
1015	2474
75	2475
758	2475
1122	2475
76	2476
779	2476
829	2476
77	2477
800	2477
936	2477
78	2478
421	2478
1043	2478
79	2479
442	2479
1150	2479
80	2480
463	2480
857	2480
81	2481
484	2481
964	2481
82	2482
505	2482
1071	2482
83	2483
526	2483
1178	2483
84	2484
547	2484
885	2484
85	2485
568	2485
992	2485
86	2486
589	2486
1099	2486
87	2487
610	2487
806	2487
88	2488
631	2488
913	2488
89	2489
652	2489
1020	2489
90	2490
673	2490
1127	2490
91	2491
694	2491
834	2491
92	2492
715	2492
941	2492
93	2493
736	2493
1048	2493
94	2494
757	2494
1155	2494
95	2495
778	2495
862	2495
96	2496
799	2496
969	2496
97	2497
420	2497
1076	2497
98	2498
441	2498
1183	2498
99	2499
462	2499
890	2499
100	2500
483	2500
997	2500
101	2501
504	2501
1104	2501
102	2502
525	2502
811	2502
103	2503
546	2503
918	2503
104	2504
567	2504
1025	2504
105	2505
588	2505
1132	2505
106	2506
609	2506
839	2506
107	2507
630	2507
946	2507
108	2508
651	2508
1053	2508
109	2509
672	2509
1160	2509
110	2510
693	2510
867	2510
111	2511
714	2511
974	2511
112	2512
735	2512
1081	2512
113	2513
756	2513
1188	2513
114	2514
777	2514
895	2514
115	2515
798	2515
1002	2515
116	2516
419	2516
1109	2516
117	2517
440	2517
816	2517
118	2518
461	2518
923	2518
119	2519
482	2519
1030	2519
120	2520
503	2520
1137	2520
121	2521
524	2521
844	2521
122	2522
545	2522
951	2522
123	2523
566	2523
1058	2523
124	2524
587	2524
1165	2524
125	2525
608	2525
872	2525
126	2526
629	2526
979	2526
127	2527
650	2527
1086	2527
128	2528
671	2528
1193	2528
129	2529
692	2529
900	2529
130	2530
713	2530
1007	2530
131	2531
734	2531
1114	2531
132	2532
755	2532
821	2532
133	2533
776	2533
928	2533
134	2534
797	2534
1035	2534
135	2535
418	2535
1142	2535
136	2536
439	2536
849	2536
137	2537
460	2537
956	2537
138	2538
481	2538
1063	2538
139	2539
502	2539
1170	2539
140	2540
523	2540
877	2540
141	2541
544	2541
984	2541
142	2542
565	2542
1091	2542
143	2543
586	2543
1198	2543
144	2544
607	2544
905	2544
145	2545
628	2545
1012	2545
146	2546
649	2546
1119	2546
147	2547
670	2547
826	2547
148	2548
691	2548
933	2548
149	2549
712	2549
1040	2549
150	2550
733	2550
1147	2550
151	2551
754	2551
854	2551
152	2552
775	2552
961	2552
153	2553
796	2553
1068	2553
154	2554
417	2554
1175	2554
155	2555
438	2555
882	2555
156	2556
459	2556
989	2556
157	2557
480	2557
1096	2557
158	2558
501	2558
803	2558
159	2559
522	2559
910	2559
160	2560
543	2560
1017	2560
161	2561
564	2561
1124	2561
162	2562
585	2562
831	2562
163	2563
606	2563
938	2563
164	2564
627	2564
1045	2564
165	2565
648	2565
1152	2565
166	2566
669	2566
859	2566
167	2567
690	2567
966	2567
168	2568
711	2568
1073	2568
169	2569
732	2569
1180	2569
170	2570
753	2570
887	2570
171	2571
774	2571
994	2571
172	2572
795	2572
1101	2572
173	2573
416	2573
808	2573
174	2574
437	2574
915	2574
175	2575
458	2575
1022	2575
176	2576
479	2576
1129	2576
177	2577
500	2577
836	2577
178	2578
521	2578
943	2578
179	2579
542	2579
1050	2579
180	2580
563	2580
1157	2580
181	2581
584	2581
864	2581
182	2582
605	2582
971	2582
183	2583
626	2583
1078	2583
184	2584
647	2584
1185	2584
185	2585
668	2585
892	2585
186	2586
689	2586
999	2586
187	2587
710	2587
1106	2587
188	2588
731	2588
813	2588
189	2589
752	2589
920	2589
190	2590
773	2590
1027	2590
191	2591
794	2591
1134	2591
192	2592
415	2592
841	2592
193	2593
436	2593
948	2593
194	2594
457	2594
1055	2594
195	2595
478	2595
1162	2595
196	2596
499	2596
869	2596
197	2597
520	2597
976	2597
198	2598
541	2598
1083	2598
199	2599
562	2599
1190	2599
200	2600
583	2600
897	2600
201	2601
604	2601
1004	2601
202	2602
625	2602
1111	2602
203	2603
646	2603
818	2603
204	2604
667	2604
925	2604
205	2605
688	2605
1032	2605
206	2606
709	2606
1139	2606
207	2607
730	2607
846	2607
208	2608
751	2608
953	2608
209	2609
772	2609
1060	2609
210	2610
793	2610
1167	2610
211	2611
414	2611
874	2611
212	2612
435	2612
981	2612
213	2613
456	2613
1088	2613
214	2614
477	2614
1195	2614
215	2615
498	2615
902	2615
216	2616
519	2616
1009	2616
217	2617
540	2617
1116	2617
218	2618
561	2618
823	2618
219	2619
582	2619
930	2619
220	2620
603	2620
1037	2620
221	2621
624	2621
1144	2621
222	2622
645	2622
851	2622
223	2623
666	2623
958	2623
224	2624
687	2624
1065	2624
225	2625
708	2625
1172	2625
226	2626
729	2626
879	2626
227	2627
750	2627
986	2627
228	2628
771	2628
1093	2628
229	2629
792	2629
1200	2629
230	2630
413	2630
907	2630
231	2631
434	2631
1014	2631
232	2632
455	2632
1121	2632
233	2633
476	2633
828	2633
234	2634
497	2634
935	2634
235	2635
518	2635
1042	2635
236	2636
539	2636
1149	2636
237	2637
560	2637
856	2637
238	2638
581	2638
963	2638
239	2639
602	2639
1070	2639
240	2640
623	2640
1177	2640
241	2641
644	2641
884	2641
242	2642
665	2642
991	2642
243	2643
686	2643
1098	2643
244	2644
707	2644
805	2644
245	2645
728	2645
912	2645
246	2646
749	2646
1019	2646
247	2647
770	2647
1126	2647
248	2648
791	2648
833	2648
249	2649
412	2649
940	2649
250	2650
433	2650
1047	2650
251	2651
454	2651
1154	2651
252	2652
475	2652
861	2652
253	2653
496	2653
968	2653
254	2654
517	2654
1075	2654
255	2655
538	2655
1182	2655
256	2656
559	2656
889	2656
257	2657
580	2657
996	2657
258	2658
601	2658
1103	2658
259	2659
622	2659
810	2659
260	2660
643	2660
917	2660
261	2661
664	2661
1024	2661
262	2662
685	2662
1131	2662
263	2663
706	2663
838	2663
264	2664
727	2664
945	2664
265	2665
748	2665
1052	2665
266	2666
769	2666
1159	2666
267	2667
790	2667
866	2667
268	2668
411	2668
973	2668
269	2669
432	2669
1080	2669
270	2670
453	2670
1187	2670
271	2671
474	2671
894	2671
272	2672
495	2672
1001	2672
273	2673
516	2673
1108	2673
274	2674
537	2674
815	2674
275	2675
558	2675
922	2675
276	2676
579	2676
1029	2676
277	2677
600	2677
1136	2677
278	2678
621	2678
843	2678
279	2679
642	2679
950	2679
280	2680
663	2680
1057	2680
281	2681
684	2681
1164	2681
282	2682
705	2682
871	2682
283	2683
726	2683
978	2683
284	2684
747	2684
1085	2684
285	2685
768	2685
1192	2685
286	2686
789	2686
899	2686
287	2687
410	2687
1006	2687
288	2688
431	2688
1113	2688
289	2689
452	2689
820	2689
290	2690
473	2690
927	2690
291	2691
494	2691
1034	2691
292	2692
515	2692
1141	2692
293	2693
536	2693
848	2693
294	2694
557	2694
955	2694
295	2695
578	2695
1062	2695
296	2696
599	2696
1169	2696
297	2697
620	2697
876	2697
298	2698
641	2698
983	2698
299	2699
662	2699
1090	2699
300	2700
683	2700
1197	2700
301	2701
704	2701
904	2701
302	2702
725	2702
1011	2702
303	2703
746	2703
1118	2703
304	2704
767	2704
825	2704
305	2705
788	2705
932	2705
306	2706
409	2706
1039	2706
307	2707
430	2707
1146	2707
308	2708
451	2708
853	2708
309	2709
472	2709
960	2709
310	2710
493	2710
1067	2710
311	2711
514	2711
1174	2711
312	2712
535	2712
881	2712
313	2713
556	2713
988	2713
314	2714
577	2714
1095	2714
315	2715
598	2715
802	2715
316	2716
619	2716
909	2716
317	2717
640	2717
1016	2717
318	2718
661	2718
1123	2718
319	2719
682	2719
830	2719
320	2720
703	2720
937	2720
321	2721
724	2721
1044	2721
322	2722
745	2722
1151	2722
323	2723
766	2723
858	2723
324	2724
787	2724
965	2724
325	2725
408	2725
1072	2725
326	2726
429	2726
1179	2726
327	2727
450	2727
886	2727
328	2728
471	2728
993	2728
329	2729
492	2729
1100	2729
330	2730
513	2730
807	2730
331	2731
534	2731
914	2731
332	2732
555	2732
1021	2732
333	2733
576	2733
1128	2733
334	2734
597	2734
835	2734
335	2735
618	2735
942	2735
336	2736
639	2736
1049	2736
337	2737
660	2737
1156	2737
338	2738
681	2738
863	2738
339	2739
702	2739
970	2739
340	2740
723	2740
1077	2740
341	2741
744	2741
1184	2741
342	2742
765	2742
891	2742
343	2743
786	2743
998	2743
344	2744
407	2744
1105	2744
345	2745
428	2745
812	2745
346	2746
449	2746
919	2746
347	2747
470	2747
1026	2747
348	2748
491	2748
1133	2748
349	2749
512	2749
840	2749
350	2750
533	2750
947	2750
351	2751
554	2751
1054	2751
352	2752
575	2752
1161	2752
353	2753
596	2753
868	2753
354	2754
617	2754
975	2754
355	2755
638	2755
1082	2755
356	2756
659	2756
1189	2756
357	2757
680	2757
896	2757
358	2758
701	2758
1003	2758
359	2759
722	2759
1110	2759
360	2760
743	2760
817	2760
361	2761
764	2761
924	2761
362	2762
785	2762
1031	2762
363	2763
406	2763
1138	2763
364	2764
427	2764
845	2764
365	2765
448	2765
952	2765
366	2766
469	2766
1059	2766
367	2767
490	2767
1166	2767
368	2768
511	2768
873	2768
369	2769
532	2769
980	2769
370	2770
553	2770
1087	2770
371	2771
574	2771
1194	2771
372	2772
595	2772
901	2772
373	2773
616	2773
1008	2773
374	2774
637	2774
1115	2774
375	2775
658	2775
822	2775
376	2776
679	2776
929	2776
377	2777
700	2777
1036	2777
378	2778
721	2778
1143	2778
379	2779
742	2779
850	2779
380	2780
763	2780
957	2780
381	2781
784	2781
1064	2781
382	2782
405	2782
1171	2782
383	2783
426	2783
878	2783
384	2784
447	2784
985	2784
385	2785
468	2785
1092	2785
386	2786
489	2786
1199	2786
387	2787
510	2787
906	2787
388	2788
531	2788
1013	2788
389	2789
552	2789
1120	2789
390	2790
573	2790
827	2790
391	2791
594	2791
934	2791
392	2792
615	2792
1041	2792
393	2793
636	2793
1148	2793
394	2794
657	2794
855	2794
395	2795
678	2795
962	2795
396	2796
699	2796
1069	2796
397	2797
720	2797
1176	2797
398	2798
741	2798
883	2798
399	2799
762	2799
990	2799
400	2800
783	2800
1097	2800
