     1        31    
       11        31    
       30        31    
        2        32    
       12        32    
       21        32    
        3        33    
       13        33    
       22        33    
        4        34    
       14        34    
       23        34    
        5        35    
       15        35    
       24        35    
        6        36    
       16        36    
       25        36    
        7        37    
       17        37    
       26        37    
        8        38    
       18        38    
       27        38    
        9        39    
       19        39    
       28        39    
       10         40   
       20         40   
       29         40   
        1         41   
       18         41   
       21         41   
        2         42   
       15         42   
       28         42   
        3         43   
       12         43   
       25         43   
        4         44   
       19         44   
       22         44   
        5         45   
       16         45   
       29         45   
        6         46   
       13         46   
       26         46   
        7         47   
       20         47   
       23         47   
        8         48   
       17         48   
       30         48   
        9         49   
       14         49   
       27         49   
       10          50   
       11          50   
       24          50   
        1          51   
       15          51   
       26          51   
        2          52   
       16          52   
       27          52   
        3          53   
       17          53   
       28          53   
        4          54   
       18          54   
       29          54   
        5          55   
       19          55   
       30          55   
        6          56   
       20          56   
       21          56   
        7          57   
       11          57   
       22          57   
        8          58   
       12          58   
       23          58   
        9          59   
       13          59   
       24          59   
       10           60   
       14           60   
       25           60   
        1           61   
       16           61   
       23           61   
        2           62   
       13           62   
       30           62   
        3           63   
       20           63   
       27           63   
        4           64   
       17           64   
       24           64   
        5           65   
       14           65   
       21           65   
        6           66   
       11           66   
       28           66   
        7           67   
       18           67   
       25           67   
        8           68   
       15           68   
       22           68   
        9           69   
       12           69   
       29           69   
       10            70   
       19            70   
       26            70   
